SC1.xPos(1,:)=[4.2164E4,0,0,0,3.0747,0];
SC1.xAtt(1,:)=[1,0,0,0,0,0,0];
M1.xPos(1,:)=[4.2164E4,0,0,0,3.0747,0];
M1.xAtt(1,:)=[1,0,0,0,0,0,0];
